10 1 16384 10297 0.628479
11 1 16384  6437 0.392883
12 1 16383  3526 0.215223
13 1 16384  1931 0.117859
14 1 16383  1049 0.064030
15 1 16384   498 0.030396
16 1 16384   256 0.015625
17 1 16383   182 0.011109
18 1 16384   160 0.009766
19 1 16384   158 0.009644
20 1 16384   160 0.009766


10 2 16384 11897 0.726135
11 2 16383  6375 0.389123
12 2 16383  2462 0.150278
13 2 16384   764 0.046631
14 2 16384   254 0.015503
15 2 16384    67 0.004089
16 2 16384    22 0.001343
17 2 16384    12 0.000732
18 2 16384     9 0.000549
19 2 16383    19 0.001160
20 2 16384    13 0.000793


10 3 16384 13787 0.841492
11 3 16384  7536 0.459961
12 3 16384  2325 0.141907
13 3 16384   525 0.032043
14 3 16384    92 0.005615
15 3 16384    12 0.000732
16 3 16384     8 0.000488
17 3 16384     6 0.000366
18 3 16384     7 0.000427
19 3 16384     2 0.000122
20 3 16384     3 0.000183


10 4 16384 14954 0.912720
11 4 16384  8804 0.537354
12 4 16384  2568 0.156738
13 4 16384   401 0.024475
14 4 16384    39 0.002380
15 4 16383     5 0.000305
16 4 16384     4 0.000244
17 4 16384     4 0.000244
18 4 16384     5 0.000305
19 4 16384     0 0.000000
20 4 16383     9 0.000549


10 5 16384 15503 0.946228
11 5 16384 10256 0.625977
12 5 16384  2926 0.178589
13 5 16384   322 0.019653
14 5 16382    28 0.001709
15 5 16384     4 0.000244
16 5 16384     7 0.000427
17 5 16384     6 0.000366
18 5 16384     2 0.000122
19 5 16384     6 0.000366
20 5 16384     5 0.000305


10 6 16384 15615 0.953064
11 6 16383 11423 0.697247
12 6 16384  3396 0.207275
13 6 16384   382 0.023315
14 6 16384    23 0.001404
15 6 16384     5 0.000305
16 6 16383     6 0.000366
17 6 16383     1 0.000061
18 6 16384     4 0.000244
19 6 16384     2 0.000122
20 6 16384     1 0.000061


10 7 16384 16146 0.985474
11 7 16383 13047 0.796374
12 7 16384  4184 0.255371
13 7 16384   422 0.025757
14 7 16384    21 0.001282
15 7 16384     6 0.000366
16 7 16384     2 0.000122
17 7 16384     5 0.000305
18 7 16384     3 0.000183
19 7 16383     4 0.000244
20 7 16384     3 0.000183


10 8 16384 16102 0.982788
11 8 16384 14127 0.862244
12 8 16384  5224 0.318848
13 8 16383   449 0.027406
14 8 16384    17 0.001038
15 8 16384     4 0.000244
16 8 16384     4 0.000244
17 8 16384     3 0.000183
18 8 16383     2 0.000122
19 8 16384     3 0.000183
20 8 16384     6 0.000366


